!!key dx=[0.5],to_c=[10000.0]
&real
/

&realcv
/

&esorem
    emflag = 0
/

&jobcon
    jobnum(1:2) = 0, 1
    nstep = 200000
/

&digcon
    hdfdigstart = 0
    intfoc = 100
    ifdiag = 10000
    ijdiag = 10000
    daverg = 1
    ipahdf(1:3) = 0, 0, 0
    ipadig(1:3) = 1024, 1024, 1024
    ipaxyz = 0, 0, 0, 0, 0, 0, 0, 0, 0, 0, 0, 0, 0, 0, 0, 0, 0, 0
    ifxyz(1:7) = 1, 1, 1, 1, 1, 1, 1
    ijxyz(1:3) = 1, 1, 1
/

&plasma
    wp(1:3) = 2.10390362104881, 0.04909886429062906, 2.10390362104881
    wc = 0.0
    cv = 10000.0
    phiz = 0.0
    phixy = 0.0
/

&tmgrid
    dt = 0.002
    nx = 32
    ny = 32
    nz = 256
/

&system
    nspec = 3
    ionchg = 0
    nfbnd(1:3) = 0, 0, 1
    npbnd = 0, 0, 2, 0, 0, 2, 0, 0, 2
    nflag_ecrct = 1
    mtd_vbnd(1:3) = 0, 0, 1
/

&intp
    qm(1:3) = -1.0, 0.000544617021778308, -1.0
    npin(1:3) = 5242880, 5242880, 0
    path(1:3) = 44.237443494336965, 1.032370595764297, 20.749200214013655
    peth(1:3) = 44.237443494336965, 1.032370595764297, 20.749200214013655
    vdri(1:2) = -13.342563807926082, -13.342563807926082
    vdthz(1:3) = 5.0, 5.0, 0.0
    vdthxy(1:3) = 180.0, 180.0, 0.0
    np(3) = 52428800
/

&inp
    inpf(1:3) = 1, 1, 1
    inpb(1:3) = 1, 1, 1
    injct(1:3) = 1, 1, 1
    npr(1:3) = 524288, 524288, 524288
/

&ptcond
    zssurf = 60.0
    npc = 0
    npcg = 0
    pcgs(1) = 0
    ccgs(1) = 0
    mtd_vchg(1) = 0
    modeww = -2
/

&scrnt
/

&emissn
    nflag_emit(1:3) = 0, 0, 2
    nepl(3) = 1
    thetaz = 0.0
    thetaxy = 180.0
    imarea = 0.0, 0.0, 0.0
    plreloc = 0.0
    curf(3) = 829.3982816842599
    dnsf(3) = 10
    zmine(1) = 60.0
    zmaxe(1) = 60.0
    nemd(1) = 3
    xmine(1) = 0
    xmaxe(1) = 32
    ymine(1) = 0
    ymaxe(1) = 32
/

&pclinj
    use_pinj = .false.
/

&dipole
/

&mpi
    nodes(1:3) = 2, 2, 32
/

&verbose
/

&gradema
    grad_coef = 2.0
    smooth_coef = 1.0
/
