!!key dx=[0.5],to_c=[10000.0]
&real
/

&realcv
/

&esorem
    emflag = 0
/

&jobcon
    jobnum(1:2) = 0, 1
    nstep = 200000
/

&digcon
    hdfdigstart = 0
    intfoc = 100
    ifdiag = 10000
    ijdiag = 10000
    daverg = 1
    ipahdf(1:3) = 0, 0, 0
    ipadig(1:3) = 1024, 1024, 1024
    ipaxyz = 0, 0, 0, 0, 0, 0, 0, 0, 0, 0, 0, 0
    ifxyz(1:7) = 1, 1, 1, 1, 1, 1, 1
    ijxyz(1:3) = 1, 1, 1
/

&plasma
    wp(1:2) = 2.10390362104881, 0.04909886429062906
    wc = 0.0
    cv = 10000.0
    phiz = 0.0
    phixy = 0.0
/

&tmgrid
    dt = 0.002
    nx = 32
    ny = 32
    nz = 256
/

&system
    nspec = 2
    ionchg = 0
    nfbnd(1:3) = 0, 0, 1
    npbnd = 0, 0, 2, 0, 0, 2
    nflag_ecrct = 1
    mtd_vbnd = 0, 0, 1
/

&intp
    qm(1:2) = -1.0, 0.000544617021778308
    npin(1:2) = 5242880, 5242880
    path(1:2) = 44.237443494336965, 1.032370595764297
    peth(1:2) = 44.237443494336965, 1.032370595764297
    vdri(1:2) = -13.342563807926082, -13.342563807926082
    vdthz(1:3) = 0.0, 0.0, 0.0
    vdthxy(1:3) = 180.0, 180.0, 0.0
/

&inp
    inpf(1:3) = 1, 1, 1
    inpb(1:3) = 1, 1, 1
    injct(1:3) = 1, 1, 1
    npr(1:3) = 524288, 524288, 524288
/

&ptcond
    zssurf = 60.0
    npc = 0
    npcg = 0
    pcgs(1) = 0
    ccgs(1) = 0
    mtd_vchg(1) = 0
    modeww = -2
    xlrechole(1:2) = 11.0, 11.0
    xurechole(1:2) = 21.0, 21.0
    ylrechole(1:2) = 11.0, 11.0
    yurechole(1:2) = 21.0, 21.0
    zlrechole(1:2) = 59.0, 20.0
    zurechole(1:2) = 60.0, 59.0
/

&scrnt
/

&emissn
    nflag_emit(1:2) = 0, 0
    nepl(3) = 0
    thetaz = 0.0
    thetaxy = 180.0
    imarea = 0.0, 0.0, 0.0
    plreloc = 0.0
/

&dipole
/

&mpi
    nodes(1:3) = 2, 2, 32
/

&verbose
/

&gradema
    grad_coef = 1.0
    smooth_coef = 1.0
/
